100
28 35 0
51 50 0
90 80 0
17 22 0
76 56 0
8 51 20
83 29 20
71 47 20
85 6 0
56 65 30
78 77 0
84 59 20
59 24 0
39 22 40
93 46 40
55 8 0
26 66 50
21 57 60
60 35 30
25 22 70
54 35 70
29 53 0
61 31 40
91 76 50
92 74 0
66 56 60
48 45 80
13 27 90
37 40 50
73 79 40
68 38 60
77 16 60
72 18 60
31 54 90
53 50 10
87 61 40
38 70 0
2 62 20
34 2 40
50 63 40
1 66 70
12 28 60
95 63 140
80 16 120
88 42 80
40 76 130
27 15 80
14 75 80
10 35 140
23 59 170
43 48 80
33 69 80
81 62 120
45 50 120
9 80 150
24 10 80
4 37 140
19 13 20
96 56 80
18 65 150
20 15 170
16 78 120
97 56 200
94 24 50
30 22 160
75 41 110
42 57 170
6 31 220
47 71 200
98 28 230
67 11 230
22 37 230
99 42 120
65 7 100
15 56 230
46 70 100
89 10 180
82 73 290
57 23 120
11 16 280
62 52 280
70 20 280
52 2 200
44 60 240
86 60 370
74 32 200
64 79 200
69 55 310
58 33 280
41 1 370
32 67 280
7 27 400
35 7 200
79 57 210
36 38 300
63 71 310
3 39 310
49 60 470
5 74 400
100 50 250
